SUCCESS
           4
           0
           2
           5
           3
           2
           1
           9
           0
           4
          18
          10
           6
           0
           0
           0
           0
           0
           0
           0
           0
           0
           0
           0
           0
           0
           0
           0
           0
           0
           0
           0
  1.0000000000000000e-04
H               
D               
T               
C               
CI              
O               
OI              
N               
NE              
AR              
HE              
SI              
S               
F               
CL              
BR              
I               
X               
  1.0079700000000000e+00
  2.0139999999999998e+00
  3.0160000000000000e+00
  1.2011150000000001e+01
  1.3003000000000000e+01
  1.5999400000000000e+01
  1.8000000000000000e+01
  1.4006700000000000e+01
  2.0183000000000000e+01
  3.9948000000000000e+01
  4.0026000000000002e+00
  2.8085999999999999e+01
  3.2064000000000000e+01
  1.8998400000000000e+01
  3.5453000000000003e+01
  7.9900899999999993e+01
  1.2690440000000000e+02
  1.9508300000000000e+02
N2                              
NE                              
H2(2)                           
CO(3)                           
CO2(4)                          
H2O(5)                          
CH2O(6)                         
HCOOH(7)                        
CH3OH(8)                        
HCOOCH3(9)                      
  2.8013400000000001e+01
  2.0183000000000000e+01
  2.0159400000000001e+00
  2.8010550000000002e+01
  4.4009950000000003e+01
  1.8015339999999998e+01
  3.0026490000000003e+01
  4.6025890000000004e+01
  3.2042430000000003e+01
  6.0052980000000005e+01
           0
           0
           0
           0
           0
           0
           0
           2
           0
           0
           0
           0
           0
           0
           0
           0
           0
           0
           0
           0
           0
           0
           0
           0
           0
           0
           1
           0
           0
           0
           0
           0
           0
           0
           0
           0
           2
           0
           0
           0
           0
           0
           0
           0
           0
           0
           0
           0
           0
           0
           0
           0
           0
           0
           0
           0
           0
           1
           0
           1
           0
           0
           0
           0
           0
           0
           0
           0
           0
           0
           0
           0
           0
           0
           0
           1
           0
           2
           0
           0
           0
           0
           0
           0
           0
           0
           0
           0
           0
           0
           2
           0
           0
           0
           0
           1
           0
           0
           0
           0
           0
           0
           0
           0
           0
           0
           0
           0
           2
           0
           0
           1
           0
           1
           0
           0
           0
           0
           0
           0
           0
           0
           0
           0
           0
           0
           2
           0
           0
           1
           0
           2
           0
           0
           0
           0
           0
           0
           0
           0
           0
           0
           0
           0
           4
           0
           0
           1
           0
           1
           0
           0
           0
           0
           0
           0
           0
           0
           0
           0
           0
           0
           4
           0
           0
           2
           0
           2
           0
           0
           0
           0
           0
           0
           0
           0
           0
           0
           0
           0
           0
           0
           0
           0
           0
           0
           0
           0
           0
           0
           2
           2
           2
           2
           2
           2
           2
           2
           2
           2
           0
           0
           0
           0
           0
           0
           0
           0
           0
           0
  2.0000000000000000e+02
  1.0000000000000000e+03
  6.0000000000000000e+03
  2.0000000000000000e+02
  1.0000000000000000e+03
  6.0000000000000000e+03
  1.0000000000000000e+02
  1.9590799999999999e+03
  5.0000000000000000e+03
  1.0000000000000000e+02
  1.5716400000000001e+03
  5.0000000000000000e+03
  1.0000000000000000e+02
  9.7822000000000003e+02
  5.0000000000000000e+03
  1.0000000000000000e+02
  1.1302500000000000e+03
  5.0000000000000000e+03
  1.0000000000000000e+02
  1.0704400000000001e+03
  5.0000000000000000e+03
  1.0000000000000000e+02
  9.9373000000000002e+02
  5.0000000000000000e+03
  1.0000000000000000e+02
  1.0357500000000000e+03
  5.0000000000000000e+03
  1.0000000000000000e+02
  1.1417600000000000e+03
  5.0000000000000000e+03
  3.5310100000000002e+00
 -1.2366100000000001e-04
 -5.0299899999999996e-07
  2.4353099999999999e-09
 -1.4088099999999999e-12
 -1.0469800000000000e+03
  2.9674700000000001e+00
  2.9525800000000002e+00
  1.3969000000000000e-03
 -4.9263199999999999e-07
  7.8601000000000001e-11
 -4.6075499999999997e-15
 -9.2394899999999996e+02
  5.8718899999999996e+00
  2.5000000000000000e+00
  0.0000000000000000e+00
  0.0000000000000000e+00
  0.0000000000000000e+00
  0.0000000000000000e+00
 -7.4537500000000000e+02
  3.3553199999999999e+00
  2.5000000000000000e+00
  0.0000000000000000e+00
  0.0000000000000000e+00
  0.0000000000000000e+00
  0.0000000000000000e+00
 -7.4537500000000000e+02
  3.3553199999999999e+00
  3.4353641100000001e+00
  2.1271038300000000e-04
 -2.7862511000000000e-07
  3.4026721899999998e-10
 -7.7603212900000004e-14
 -1.0313598400000001e+03
 -3.9084173099999999e+00
  2.7881661900000001e+00
  5.8764047500000000e-04
  1.5901063499999999e-07
 -5.5273946500000000e-11
  4.3431130399999999e-15
 -5.9614448100000004e+02
  1.1273052700000000e-01
  3.5683798200000001e+00
 -8.5212406299999997e-04
  2.4891739000000000e-06
 -1.5633067199999999e-09
  3.1359421300000002e-13
 -1.4284254900000000e+04
  3.5791223900000002e+00
  2.9130698700000002e+00
  1.6465738900000000e-03
 -6.8861281999999998e-07
  1.2103693000000000e-10
 -7.8401474299999999e-15
 -1.4180886200000001e+04
  6.7104390000000000e+00
  3.2808382100000002e+00
  2.5019329099999999e-03
  8.0816457700000005e-06
 -1.2050669500000000e-08
  4.6652664500000003e-12
 -4.8400830099999999e+04
  6.0008369300000002e+00
  4.6742977999999997e+00
  2.6095883499999998e-03
 -9.8565976900000001e-07
  1.9570672900000001e-10
 -1.4983032000000000e-14
 -4.8951226699999999e+04
 -2.1109070200000000e+00
  4.0576372000000003e+00
 -7.8795134299999999e-04
  2.9088256399999998e-06
 -1.4752491000000000e-09
  2.1286637200000000e-13
 -3.0281586700000000e+04
 -3.1136902500000002e-01
  2.8432410400000001e+00
  2.7511007299999999e-03
 -7.8104000699999998e-07
  1.0724560300000001e-10
 -5.7940821700000001e-15
 -2.9958608600000000e+04
  5.9104733700000001e+00
  4.1292782900000002e+00
 -4.0840163299999998e-03
  2.0322944800000001e-05
 -1.8352437700000000e-08
  5.3797606000000000e-12
 -1.4429464000000000e+04
  3.2241836500000001e+00
  2.2117229300000001e+00
  7.9426592400000003e-03
 -3.3419319100000001e-06
  6.2847172399999999e-10
 -4.4043171100000001e-14
 -1.4297445000000000e+04
  1.1304906900000001e+01
  3.7624051900000000e+00
 -9.4384989699999996e-04
  3.3877846400000002e-05
 -4.0498318100000000e-08
  1.4398643000000000e-11
 -4.6821210200000001e+04
  7.6327624700000003e+00
  5.6450030499999997e+00
  7.5518196600000004e-03
 -3.2085134800000001e-06
  6.5891881799999996e-10
 -5.0505502900000003e-14
 -4.7989002399999998e+04
 -5.4310443599999996e+00
  3.8400622100000001e+00
  1.3824190900000000e-03
  1.9166722099999999e-05
 -2.0156869900000000e-08
  6.3910242200000001e-12
 -2.5608308700000001e+04
  5.9097811000000000e+00
  2.7918426200000002e+00
  1.1582785800000000e-02
 -4.5155196199999998e-06
  8.2120678599999999e-10
 -5.6706331600000003e-14
 -2.5721167200000000e+04
  9.4106178800000002e+00
  3.2812530199999999e+00
  1.1317828600000000e-02
  1.8448508100000001e-05
 -2.4195406600000000e-08
  7.7517045899999995e-12
 -4.4672557399999998e+04
  1.2036299100000001e+01
  4.9097433199999996e+00
  1.8753211499999999e-02
 -8.5834190700000006e-06
  1.6685039000000000e-09
 -1.1861455699999999e-13
 -4.5900938099999999e+04
  2.1304170700000000e-01
           3
           3
           3
           3
           3
           3
           2
           2
           2
           2
           2
           2
          -1
           3
          -1
           4
           1
           7
           0
           0
          -1
          -1
           6
          -1
           4
           1
           8
           0
           0
          -1
          -1
           3
          -1
           5
           1
           8
           0
           0
          -1
          -1
           4
          -1
           9
           1
          10
           0
           0
          -1
          -1
           3
          -1
           5
           1
           8
           0
           0
          -1
          -1
           3
          -1
           5
           1
           8
           0
           0
          -1
  2.8900000000000000e+09
  1.1599999999999999e+00
  4.1314277082176704e+04
  2.5400000000000000e-01
  3.7000000000000002e+00
  2.6851764008586470e+04
  1.5100000000000000e+09
  1.2300000000000000e+00
  3.7187881563615825e+04
  1.2700000000000000e-01
  3.7000000000000002e+00
  2.6851764008586470e+04
  1.5100000000000000e+09
  1.2300000000000000e+00
  3.7187881563615825e+04
  1.5100000000000000e+09
  1.2300000000000000e+00
  3.7187881563615825e+04
0
0
1
0
1
1
