SUCCESS
           4
           2
           5
3
          18
         135
           0
  1.0000000000000000e-04
  2.9429999999999999e-09
X(1)                            
H*(10)                          
O*(11)                          
OH*(12)                         
H2O*(13)                        
CO*(14)                         
CO2*(15)                        
HCO*(16)                        
HCOO*(17)                       
COOH*(18)                       
HCOOH*(19)                      
CH2O*(20)                       
CH3O*(21)                       
CH3O2*(22)                      
CH3OH*(23)                      
H2X(51)                         
COXX(63)                        
CHOX2(64)                       
  1.9508300000000000e+02
  1.9609097000000000e+02
  2.1108240000000001e+02
  2.1209037000000001e+02
  2.1309834000000001e+02
  2.2309354999999999e+02
  2.3909295000000000e+02
  2.2410151999999999e+02
  2.4010092000000000e+02
  2.4010092000000000e+02
  2.4110889000000000e+02
  2.2510948999999999e+02
  2.2611745999999999e+02
  2.4211686000000000e+02
  2.2712542999999999e+02
  1.9709894000000000e+02
  4.1817655000000002e+02
  4.1918452000000002e+02
           0
           0
           0
           0
           0
           0
           0
           0
           0
           0
           0
           0
           0
           0
           0
           0
           0
           1
           1
           0
           0
           0
           0
           0
           0
           0
           0
           0
           0
           0
           0
           0
           0
           0
           0
           1
           0
           0
           0
           0
           0
           1
           0
           0
           0
           0
           0
           0
           0
           0
           0
           0
           0
           1
           1
           0
           0
           0
           0
           1
           0
           0
           0
           0
           0
           0
           0
           0
           0
           0
           0
           1
           2
           0
           0
           0
           0
           1
           0
           0
           0
           0
           0
           0
           0
           0
           0
           0
           0
           1
           0
           0
           0
           1
           0
           1
           0
           0
           0
           0
           0
           0
           0
           0
           0
           0
           0
           1
           0
           0
           0
           1
           0
           2
           0
           0
           0
           0
           0
           0
           0
           0
           0
           0
           0
           1
           1
           0
           0
           1
           0
           1
           0
           0
           0
           0
           0
           0
           0
           0
           0
           0
           0
           1
           1
           0
           0
           1
           0
           2
           0
           0
           0
           0
           0
           0
           0
           0
           0
           0
           0
           1
           1
           0
           0
           1
           0
           2
           0
           0
           0
           0
           0
           0
           0
           0
           0
           0
           0
           1
           2
           0
           0
           1
           0
           2
           0
           0
           0
           0
           0
           0
           0
           0
           0
           0
           0
           1
           2
           0
           0
           1
           0
           1
           0
           0
           0
           0
           0
           0
           0
           0
           0
           0
           0
           1
           3
           0
           0
           1
           0
           1
           0
           0
           0
           0
           0
           0
           0
           0
           0
           0
           0
           1
           3
           0
           0
           1
           0
           2
           0
           0
           0
           0
           0
           0
           0
           0
           0
           0
           0
           1
           4
           0
           0
           1
           0
           1
           0
           0
           0
           0
           0
           0
           0
           0
           0
           0
           0
           1
           2
           0
           0
           0
           0
           0
           0
           0
           0
           0
           0
           0
           0
           0
           0
           0
           0
           1
           0
           0
           0
           1
           0
           1
           0
           0
           0
           0
           0
           0
           0
           0
           0
           0
           0
           2
           1
           0
           0
           1
           0
           1
           0
           0
           0
           0
           0
           0
           0
           0
           0
           0
           0
           2
           0
           0
           0
           0
           0
           0
           0
           0
           0
           0
           0
           0
           0
           0
           0
           0
           0
           0
           2
           2
           2
           2
           2
           2
           2
           2
           2
           2
           2
           2
           2
           2
           2
           2
           2
           2
           0
           0
           0
           0
           0
           0
           0
           0
           0
           0
           0
           0
           0
           0
           0
           0
           0
           0
  1.0000000000000000e+02
  1.5548000000000000e+03
  5.0000000000000000e+03
  1.0000000000000000e+02
  9.5290999999999997e+02
  5.0000000000000000e+03
  1.0000000000000000e+02
  8.8825999999999999e+02
  5.0000000000000000e+03
  1.0000000000000000e+02
  9.1458000000000004e+02
  5.0000000000000000e+03
  1.0000000000000000e+02
  9.1285000000000002e+02
  5.0000000000000000e+03
  1.0000000000000000e+02
  8.9133000000000004e+02
  5.0000000000000000e+03
  1.0000000000000000e+02
  8.8226999999999998e+02
  5.0000000000000000e+03
  1.0000000000000000e+02
  8.7322000000000003e+02
  5.0000000000000000e+03
  1.0000000000000000e+02
  8.3319000000000005e+02
  5.0000000000000000e+03
  1.0000000000000000e+02
  8.1629999999999995e+02
  5.0000000000000000e+03
  1.0000000000000000e+02
  9.5050999999999999e+02
  5.0000000000000000e+03
  1.0000000000000000e+02
  8.7932000000000005e+02
  5.0000000000000000e+03
  1.0000000000000000e+02
  8.5766999999999996e+02
  5.0000000000000000e+03
  1.0000000000000000e+02
  9.3225999999999999e+02
  5.0000000000000000e+03
  1.0000000000000000e+02
  8.5040999999999997e+02
  5.0000000000000000e+03
  1.0000000000000000e+02
  9.1133000000000004e+02
  5.0000000000000000e+03
  1.0000000000000000e+02
  9.0937000000000000e+02
  5.0000000000000000e+03
  1.0000000000000000e+02
  6.8933000000000004e+02
  5.0000000000000000e+03
  7.1013949800000000e-03
 -4.2561952200000002e-05
  8.9853301599999994e-08
 -7.8019364899999998e-11
  2.3246547099999999e-14
 -8.7610171199999998e-01
 -3.1121122899999999e-02
  1.6029990000000000e-01
 -2.5223540900000001e-04
  1.1418127500000000e-07
 -1.2147165300000000e-11
  3.8579002500000000e-16
 -7.0810088500000006e+01
 -9.0952752999999997e-01
 -3.8096545199999998e-01
  5.4722870899999998e-03
  2.6091277800000001e-06
 -9.6496198000000000e-09
  4.6394675299999998e-12
 -1.4055976800000001e+03
  1.0172555000000001e+00
  2.8033965500000000e+00
 -5.4104701700000005e-04
  4.9950797799999997e-07
 -7.5496364699999996e-11
  3.0677236599999998e-15
 -2.3463471000000000e+03
 -1.5943678700000000e+01
 -7.5900732900000001e-01
  1.8986777100000001e-02
 -3.8247095499999999e-05
  3.4355439099999998e-08
 -1.1397247800000000e-11
 -2.1835596600000001e+04
  1.7601537000000000e+00
  1.8989217800000000e+00
  2.0329797499999999e-03
 -1.1997808700000000e-06
  2.3268430399999999e-10
 -1.5351135200000000e-14
 -2.2111136600000002e+04
 -9.6409602599999999e+00
 -1.2951370600000001e+00
  3.3647624600000002e-02
 -7.0771785100000003e-05
  6.5431511599999996e-08
 -2.1941018300000000e-11
 -2.1645384800000000e+04
  4.3762487400000003e+00
  2.4351577999999998e+00
  4.6464498599999996e-03
 -2.4001413900000001e-06
  4.2641549799999999e-10
 -2.6066121500000001e-14
 -2.1797134699999999e+04
 -1.0386509400000000e+01
 -1.3434013800000000e+00
  3.6669553899999999e-02
 -7.9948072100000003e-05
  7.7412524099999995e-08
 -2.6866536400000001e-11
 -3.2349030500000001e+04
  1.1023766699999999e+01
  1.1215892000000001e+00
  8.1663925599999992e-03
 -4.0235803400000002e-06
  7.2042077300000003e-10
 -4.5144223499999998e-14
 -3.2061523499999999e+04
  3.3961562000000001e+00
 -1.3821467000000001e+00
  3.7530610300000003e-02
 -8.2976113499999993e-05
  8.0970535799999999e-08
 -2.8547262300000001e-11
 -2.2536968700000001e+04
  4.3544960899999996e+00
  1.3809205300000000e+00
  8.0571654799999996e-03
 -4.6430750100000003e-06
  8.9116718399999996e-10
 -5.9004540299999995e-14
 -2.2351300200000001e+04
 -4.8532580400000001e+00
 -1.5469503899999999e+00
  4.0880871100000001e-02
 -8.5431796200000003e-05
  8.2001171800000006e-08
 -2.8813054200000001e-11
 -4.7489233899999999e+04
  1.3782507600000001e+01
  1.8088450599999999e+00
  9.7300692599999999e-03
 -5.3761197800000003e-06
  1.0358856999999999e-09
 -6.9510913999999998e-14
 -4.7461127800000002e+04
  1.5281403899999999e+00
 -1.4367953700000000e+00
  3.6924348000000003e-02
 -7.1790416700000001e-05
  6.7353249900000006e-08
 -2.3517816700000000e-11
 -2.1694820800000001e+04
  8.2756178899999995e+00
  1.8328018100000001e+00
  1.0077874900000000e-02
 -5.2853323700000004e-06
  1.0135197399999999e-09
 -6.8518405799999998e-14
 -2.1813311099999999e+04
 -4.4639205899999999e+00
 -1.7915126299999999e+00
  4.3707479200000003e-02
 -7.6038078000000006e-05
  6.7250271299999999e-08
 -2.2957921199999999e-11
 -4.8190710200000001e+04
  7.2294578999999999e+00
  3.3278173099999999e+00
  1.2045002000000001e-02
 -6.2797005700000004e-06
  1.2272572900000001e-09
 -8.5049897700000004e-14
 -4.8797848100000003e+04
 -1.5058224800000000e+01
 -1.6341828700000001e+00
  3.8830267100000003e-02
 -6.4298876599999999e-05
  5.3835713799999998e-08
 -1.7546949100000000e-11
 -4.6355711600000002e+04
  1.2262630800000000e+01
  3.8790094900000001e+00
  9.0573638000000008e-03
 -4.5224859899999997e-06
  8.7859778600000005e-10
 -6.0945690899999998e-14
 -4.7163927799999998e+04
 -1.2653594099999999e+01
  3.6694227700000002e+00
 -3.7810702400000000e-03
  5.5341786599999997e-05
 -7.0415831900000004e-08
  2.6778331200000000e-11
 -4.9812945299999999e+04
 -8.3822334699999992e+00
  8.6676733299999995e+00
  3.4561929400000000e-03
 -6.9409372300000005e-07
  1.7823129499999999e-10
 -1.9318970299999999e-14
 -5.2040235000000001e+04
 -3.8960239000000001e+01
 -1.4669696699999999e+00
  4.1387174300000003e-02
 -8.8761653500000004e-05
  9.1011099199999999e-08
 -3.3660708100000002e-11
 -2.0300241099999999e+04
  1.5717833199999999e+01
 -8.9292776799999996e-01
  1.6619650300000000e-02
 -8.7159616599999995e-06
  1.6681667500000000e-09
 -1.1250395799999999e-13
 -1.9544634600000001e+04
  1.7892829899999999e+01
 -1.6841904999999999e+00
  4.2801954599999997e-02
 -7.5076719600000001e-05
  7.0365802600000003e-08
 -2.5090818600000002e-11
 -2.2313706800000000e+04
  7.7641216100000001e+00
  1.1478689900000001e+00
  1.7134604500000001e-02
 -8.3964902899999993e-06
  1.5981051800000000e-09
 -1.0897785400000000e-13
 -2.2341248899999999e+04
 -2.7926227699999999e+00
  3.2191627100000000e+00
  6.7172182099999997e-03
  3.7227194200000002e-05
 -5.7363407000000003e-08
  2.3626115500000000e-11
 -4.1732549099999997e+04
 -6.1451840200000003e+00
  1.0310237799999999e+01
  3.0429675800000000e-03
  9.7076163499999999e-08
 -3.1926601200000002e-11
 -2.1347323999999998e-15
 -4.4217181600000004e+04
 -4.6092887500000003e+01
 -1.6400998099999999e+00
  4.0997661099999999e-02
 -6.6616622700000003e-05
  6.1211241900000001e-08
 -2.1773420000000000e-11
 -3.0508735900000000e+04
  1.3824539900000000e+01
  1.0183726099999999e+00
  1.8296619900000002e-02
 -8.5897646099999996e-06
  1.6223133700000001e-09
 -1.1073250000000000e-13
 -3.0592189399999999e+04
  3.5975332299999998e+00
 -1.2785672400000001e+00
  3.6801010199999998e-02
 -8.9029699200000000e-05
  8.9113272999999996e-08
 -3.1451158200000002e-11
 -1.0322607599999999e+03
  1.1316056200000000e+01
  6.4563193699999999e-01
  6.6956380000000003e-03
 -3.8269085999999996e-06
  7.0472529599999998e-10
 -4.4102446500000001e-14
 -4.8354073499999998e+02
  7.1463334900000000e+00
  3.3859482600000002e+00
 -3.6103768299999999e-03
  2.9654961500000001e-05
 -3.9746605599999999e-08
  1.6103027400000001e-11
 -1.5409048000000001e+04
 -1.8567925899999999e+01
  6.7912051000000000e+00
 -2.7548316099999999e-03
  2.1254677299999999e-06
 -4.1693050400000001e-10
  2.6704954800000000e-14
 -1.6683076400000002e+04
 -3.8272565200000003e+01
 -1.3271678000000000e+00
  3.1758733300000001e-02
 -5.0506587099999998e-05
  3.9552030299999997e-08
 -1.1750574100000000e-11
 -1.4602754900000000e+04
  3.9267963500000000e+00
  3.4734383300000000e+00
  7.0334833199999997e-03
 -3.5177907300000001e-06
  6.9804794500000003e-10
 -4.9338220400000000e-14
 -1.5338993700000001e+04
 -1.7987001599999999e+01
           3
           3
           4
           3
           3
           3
           2
           3
           3
           3
           3
           3
           3
           3
           4
           4
           4
           4
           4
           4
           4
           4
           4
           4
           4
           4
           4
           4
           4
           4
           4
           4
           4
           4
           4
           4
           4
           4
           4
           4
           4
           4
           4
           4
           3
           4
           4
           4
           4
           4
           4
           4
           4
           4
           4
           4
           4
           4
           4
           4
           4
           4
           4
           4
           4
           4
           4
           4
           4
           4
           4
           4
           4
           4
           3
           4
           4
           4
           4
           3
           4
           4
           3
           4
           4
           4
           4
           4
           4
           4
           4
           3
           4
           4
           4
           4
           4
           4
           4
           3
           4
           4
           3
           4
           4
           4
           4
           3
           3
           4
           4
           4
           4
           4
           4
           4
           4
           4
           4
           4
           3
           3
           4
           4
           4
           4
           4
           4
           4
           4
           4
           4
           4
           4
           4
           2
           2
           2
           2
           2
           2
           1
           2
           2
           2
           2
           2
           2
           2
           2
           2
           2
           2
           2
           2
           2
           2
           2
           2
           2
           2
           2
           2
           2
           2
           2
           2
           2
           2
           2
           2
           2
           2
           2
           2
           2
           2
           2
           2
           1
           2
           2
           2
           2
           2
           2
           2
           2
           2
           2
           2
           2
           2
           2
           2
           2
           2
           2
           2
           2
           2
           2
           2
           2
           2
           2
           2
           2
           2
           2
           2
           2
           2
           2
           2
           2
           2
           2
           2
           2
           2
           2
           2
           2
           2
           2
           1
           2
           2
           2
           2
           2
           2
           2
           1
           2
           2
           1
           2
           2
           2
           2
           2
           2
           2
           2
           2
           2
           2
           2
           2
           2
           2
           2
           2
           2
           2
           2
           2
           2
           2
           2
           2
           2
           2
           2
           2
           2
           2
           2
          -2
           1
           1
          -1
           0
           3
           2
           1
           2
           0
          -1
           0
          -1
          -1
           1
           1
          -1
           0
           4
           1
           1
           6
           0
          -1
           0
          -1
          -1
           1
           4
          -1
           1
           8
           1
           1
           2
           1
           1
          10
           0
          -1
           1
           1
          -1
           0
           6
           1
           1
           5
           0
          -1
           0
          -1
          -1
           1
           1
          -1
           0
           5
           1
           1
           7
           0
          -1
           0
          -1
          -1
           1
           2
          -1
           0
           5
           1
           1
           9
           0
          -1
           0
          -1
          -1
           1
           9
           0
          -1
           0
           1
           1
          10
           0
          -1
           0
           0
          -1
           1
           2
          -1
           0
           5
           1
           1
          10
           0
          -1
           0
          -1
          -1
           1
           1
          -1
           0
           8
           1
           1
          11
           0
          -1
           0
          -1
          -1
           1
           1
          -1
           0
           7
           1
           1
          12
           0
          -1
           0
          -1
          -1
           1
           2
          -1
           0
           7
           1
           1
          13
           0
          -1
           0
          -1
          -1
           1
           4
          -1
           0
           7
           1
           1
          14
           0
          -1
           0
          -1
          -1
           1
           2
          -1
           0
           8
           1
           1
          14
           0
          -1
           0
          -1
          -1
           1
           1
          -1
           0
           9
           1
           1
          15
           0
          -1
           0
          -1
          -2
           1
           1
          -1
           0
           5
           1
           1
           3
           1
           1
           6
          -1
          -2
           1
           1
          -1
           0
           6
           1
           1
           2
           1
           1
           4
          -1
          -2
           1
           1
          -1
           0
           7
           1
           1
           2
           1
           1
           8
          -1
          -2
           1
           1
          -1
           0
           8
           1
           1
           4
           1
           1
           8
          -1
          -2
           1
           1
          -1
           0
           8
           1
           1
           2
           1
           1
           9
          -1
          -2
           1
           1
          -1
           0
           8
           1
           1
           2
           1
           1
          10
          -1
          -2
           1
           1
          -1
           0
           9
           1
           1
           2
           1
           1
          13
          -1
          -2
           1
           1
          -1
           0
          10
           1
           1
           8
           1
           1
          13
          -1
          -1
           1
           1
          -1
           1
           4
           1
           1
           3
           1
           1
           2
           0
          -1
           1
           1
          -1
           1
           5
           1
           1
           2
           1
           1
           4
           0
          -1
           1
           3
          -1
           1
           6
           1
           1
           1
           1
           1
           7
           0
          -1
           1
           2
          -1
           1
           6
           1
           1
           1
           1
           1
           8
           0
          -1
           1
           2
          -1
           1
           7
           1
           1
           1
           1
           1
           9
           0
          -1
           1
           1
          -1
           1
           9
           1
           1
           3
           1
           1
           8
           0
          -1
           1
           1
          -1
           1
          10
           1
           1
           2
           1
           1
           7
           0
          -1
           1
           4
          -1
           1
           6
           1
           1
           1
           1
           1
          10
           0
          -1
           1
           1
          -1
           1
          11
           1
           1
           4
           1
           1
           8
           0
          -1
           1
           2
          -1
           1
           9
           1
           1
           1
           1
           1
          11
           0
          -1
           1
           2
          -1
           1
          10
           1
           1
           1
           1
           1
          11
           0
          -1
           1
           2
          -1
           1
           8
           1
           1
           1
           1
           1
          12
           0
          -1
           1
           2
          -1
           1
          12
           1
           1
           1
           1
           1
          13
           0
          -1
           1
           1
          -1
           1
          14
           1
           1
           4
           1
           1
          12
           0
          -1
           1
           2
          -1
           1
          11
           1
           1
           1
           1
           1
          14
           0
          -1
           1
           2
          -1
           1
          13
           1
           1
           1
           1
           1
          15
           0
          -1
           1
           3
          -1
           1
          12
           1
           1
           2
           1
           1
           9
           0
          -1
           1
           5
          -1
           1
           6
           1
           1
           2
           1
           1
          10
           0
          -1
           1
           4
          -1
           1
          12
           1
           1
           2
           1
           1
          11
           0
          -1
           1
           2
          -1
           1
          11
           1
           1
           5
           1
           1
           8
           0
          -1
           1
           3
          -1
           1
          15
           1
           1
           2
           1
           1
          14
           0
          -1
           1
           5
          -1
           1
          12
           1
           1
           2
           1
           1
          14
           0
          -2
           1
           4
           0
          -1
           0
           1
           1
           3
           1
           1
           5
           0
          -1
           1
           3
          -1
           1
           8
           1
           1
           4
           1
           1
           6
           0
          -1
           1
           4
          -1
           1
           7
           1
           1
           3
           1
           1
           9
           0
          -1
           1
           4
          -1
           1
           7
           1
           1
           3
           1
           1
          10
           0
          -1
           1
           3
          -1
           1
          11
           1
           1
           4
           1
           1
           9
           0
          -1
           1
           3
          -1
           1
          11
           1
           1
           4
           1
           1
           9
           0
          -1
           1
           3
          -1
           1
          11
           1
           1
           4
           1
           1
          10
           0
          -1
           1
           3
          -1
           1
          12
           1
           1
           4
           1
           1
           8
           0
          -1
           1
           4
          -1
           1
          12
           1
           1
           3
           1
           1
          13
           0
          -1
           1
           4
          -1
           1
          11
           1
           1
           3
           1
           1
          14
           0
          -1
           1
           3
          -1
           1
          15
           1
           1
           4
           1
           1
          13
           0
          -1
           1
           3
          -1
           1
          15
           1
           1
           4
           1
           1
          13
           0
          -1
           1
           4
          -1
           1
           8
           1
           1
           5
           1
           1
           6
           0
          -1
           1
           3
          -1
           1
          11
           1
           1
           4
           1
           1
           9
           0
          -1
           1
           3
          -1
           1
          11
           1
           1
           4
           1
           1
           9
           0
          -1
           1
           5
          -1
           1
           7
           1
           1
           4
           1
           1
           9
           0
          -1
           1
           4
          -1
           1
          10
           1
           1
           5
           1
           1
           7
           0
          -1
           1
           4
          -1
           1
          11
           1
           1
           5
           1
           1
           9
           0
          -1
           1
           4
          -1
           1
          11
           1
           1
           5
           1
           1
          10
           0
          -1
           1
           4
          -1
           1
          12
           1
           1
           5
           1
           1
           8
           0
          -1
           1
           3
          -1
           1
          15
           1
           1
           4
           1
           1
          13
           0
          -1
           1
           3
          -1
           1
          15
           1
           1
           4
           1
           1
          13
           0
          -1
           1
           5
          -1
           1
          12
           1
           1
           4
           1
           1
          13
           0
          -1
           1
           5
          -1
           1
          11
           1
           1
           4
           1
           1
          14
           0
          -1
           1
           4
          -1
           1
          15
           1
           1
           5
           1
           1
          13
           0
          -1
           1
           7
          -1
           1
           8
           1
           1
           6
           1
           1
           9
           0
          -1
           1
           7
          -1
           1
           8
           1
           1
           6
           1
           1
          10
           0
          -1
           1
           8
          -1
           1
           9
           1
           1
           6
           1
           1
          11
           0
          -1
           1
           6
          -1
           1
          11
           1
           1
           8
           1
           1
          10
           0
          -1
           1
           6
          -1
           1
          11
           1
           1
           8
           1
           1
          10
           0
          -1
           1
           6
          -1
           1
          12
           2
           1
           8
           0
          -1
           0
           0
          -1
           1
           8
          -1
           1
          12
           1
           1
           6
           1
           1
          13
           0
          -1
           1
          10
          -1
           1
          12
           1
           1
           6
           1
           1
          14
           0
          -1
           1
           8
          -1
           1
          11
           1
           1
           6
           1
           1
          14
           0
          -1
           1
           8
          -1
           1
          13
           1
           1
           6
           1
           1
          15
           0
          -1
           1
           7
          -1
           1
          11
           2
           1
           9
           0
          -1
           0
           0
          -1
           1
           7
          -1
           1
          11
           1
           1
          10
           1
           1
           9
           0
          -1
           1
           7
          -1
           1
          11
           1
           1
          10
           1
           1
           9
           0
          -1
           1
           7
          -1
           1
          11
           2
           1
          10
           0
          -1
           0
           0
          -1
           1
           7
          -1
           1
          12
           1
           1
           8
           1
           1
           9
           0
          -1
           1
           7
          -1
           1
          12
           1
           1
           8
           1
           1
          10
           0
          -1
           1
           7
          -1
           1
          15
           1
           1
           9
           1
           1
          13
           0
          -1
           1
           7
          -1
           1
          15
           1
           1
          10
           1
           1
          13
           0
          -1
           1
           6
          -1
           1
          11
           1
           1
           8
           1
           1
          10
           0
          -1
           1
           6
          -1
           1
          11
           1
           1
           8
           1
           1
          10
           0
          -1
           1
           9
          -1
           1
          12
           1
           1
           8
           1
           1
          11
           0
          -1
           1
          10
          -1
           1
          12
           1
           1
           8
           1
           1
          11
           0
          -2
           1
          12
           0
          -1
           0
           1
           1
           8
           1
           1
          13
           0
          -1
           1
          12
          -1
           1
          11
           1
           1
           8
           1
           1
          14
           0
          -1
           1
          12
          -1
           1
          11
           1
           1
           8
           1
           1
          14
           0
          -1
           1
          12
          -1
           1
          13
           1
           1
           8
           1
           1
          15
           0
          -1
           1
           7
          -1
           1
          11
           1
           1
          10
           1
           1
           9
           0
          -1
           1
           7
          -1
           1
          11
           1
           1
          10
           1
           1
           9
           0
          -1
           1
          10
          -1
           1
          11
           1
           1
           9
           1
           1
          11
           0
          -1
           1
          12
          -1
           1
          11
           1
           1
           9
           1
           1
          13
           0
          -2
           1
          11
           0
          -1
           0
           1
           1
           9
           1
           1
          14
           0
          -1
           1
          11
          -1
           1
          13
           1
           1
           9
           1
           1
          15
           0
          -1
           1
          12
          -1
           1
          11
           1
           1
          10
           1
           1
          13
           0
          -2
           1
          11
           0
          -1
           0
           1
           1
          10
           1
           1
          14
           0
          -1
           1
          11
          -1
           1
          13
           1
           1
          10
           1
           1
          15
           0
          -1
           1
          12
          -1
           1
          11
           1
           1
           8
           1
           1
          14
           0
          -1
           1
          12
          -1
           1
          11
           1
           1
           8
           1
           1
          14
           0
          -1
           1
          11
          -1
           1
          15
           1
           1
          13
           1
           1
          14
           0
          -1
           1
          12
          -1
           1
          15
           2
           1
          13
           0
          -1
           0
           0
          -1
           1
           1
          -1
           0
           3
           1
           1
          16
           0
          -1
           0
          -1
          -1
           1
           3
          -1
           1
          16
           1
           1
           2
           1
           1
           4
           0
          -1
           1
           4
          -1
           1
          16
           1
           1
           2
           1
           1
           5
           0
          -1
           1
          16
          -1
           1
           6
           1
           1
           2
           1
           1
           8
           0
          -1
           1
          16
          -1
           1
           7
           1
           1
           2
           1
           1
           9
           0
          -1
           1
          16
          -1
           1
           7
           1
           1
           2
           1
           1
          10
           0
          -1
           1
          16
          -1
           1
           9
           1
           1
           2
           1
           1
          11
           0
          -1
           1
          16
          -1
           1
          10
           1
           1
           2
           1
           1
          11
           0
          -1
           1
           2
          -1
           1
          12
           1
           1
          16
           1
           1
           8
           0
          -1
           1
          16
          -1
           1
          12
           1
           1
           2
           1
           1
          13
           0
          -1
           1
          16
          -1
           1
          11
           1
           1
           2
           1
           1
          14
           0
          -1
           1
          16
          -1
           1
          13
           1
           1
           2
           1
           1
          15
           0
          -1
           1
           1
          -1
           1
           6
           1
           1
          17
           0
          -1
           0
          -1
          -1
           1
           1
          -1
           1
           8
           1
           1
          18
           0
          -1
           0
          -1
          -1
           1
           1
          -1
           1
          18
           1
           1
           2
           1
           1
          17
           0
          -1
           1
           4
          -1
           1
          17
           1
           1
           3
           1
           1
          18
           0
          -1
           1
           5
          -1
           1
          17
           1
           1
           4
           1
           1
          18
           0
          -1
           1
          17
          -1
           1
           8
           1
           1
           6
           1
           1
          18
           0
          -1
           1
           7
          -1
           1
          18
           1
           1
          17
           1
           1
           9
           0
          -1
           1
           7
          -1
           1
          18
           1
           1
          17
           1
           1
          10
           0
          -1
           1
          17
          -1
           1
          11
           1
           1
          18
           1
           1
           9
           0
          -1
           1
          17
          -1
           1
          11
           1
           1
          18
           1
           1
          10
           0
          -1
           1
          17
          -1
           1
          12
           1
           1
           8
           1
           1
          18
           0
          -1
           1
          18
          -1
           1
          12
           1
           1
          17
           1
           1
          13
           0
          -1
           1
          18
          -1
           1
          11
           1
           1
          17
           1
           1
          14
           0
          -1
           1
          17
          -1
           1
          15
           1
           1
          18
           1
           1
          13
           0
          -1
           1
          16
          -1
           1
          17
           1
           1
           2
           1
           1
          18
           0
  3.2000000000000001e-02
  0.0000000000000000e+00
  0.0000000000000000e+00
  5.0000000000000000e-01
  0.0000000000000000e+00
  0.0000000000000000e+00
  2.2800000000000000e+20
  2.6300000000000001e-01
  1.9122320695769974e+03
  1.0000000000000001e-01
  0.0000000000000000e+00
  0.0000000000000000e+00
  6.9999999999999999e-06
  0.0000000000000000e+00
  8.7308490545160282e+02
  1.0000000000000001e-01
  0.0000000000000000e+00
  8.7872095786719819e+03
  1.1128890000000000e+12
  0.0000000000000000e+00
  7.2790623385345443e+03
  1.0000000000000001e-01
  0.0000000000000000e+00
  8.7872095786719819e+03
  1.0000000000000001e-01
  0.0000000000000000e+00
  0.0000000000000000e+00
  1.0000000000000001e-01
  0.0000000000000000e+00
  0.0000000000000000e+00
  5.0000000000000003e-02
  0.0000000000000000e+00
  8.7872095786719819e+03
  5.0000000000000003e-02
  0.0000000000000000e+00
  8.7872095786719819e+03
  5.0000000000000003e-02
  0.0000000000000000e+00
  8.7872095786719819e+03
  1.0000000000000001e-01
  0.0000000000000000e+00
  0.0000000000000000e+00
  2.0000000000000000e-02
  0.0000000000000000e+00
  5.0321896567815729e+03
  3.2000000000000001e-02
  0.0000000000000000e+00
  7.1708702609137408e+03
  3.2000000000000001e-02
  0.0000000000000000e+00
  0.0000000000000000e+00
  1.6000000000000000e-02
  0.0000000000000000e+00
  3.4077988355724810e+03
  1.6000000000000000e-02
  0.0000000000000000e+00
  0.0000000000000000e+00
  1.6000000000000000e-02
  0.0000000000000000e+00
  0.0000000000000000e+00
  1.6000000000000000e-02
  0.0000000000000000e+00
  1.8261816264460326e+03
  1.6000000000000000e-02
  0.0000000000000000e+00
  5.9279194156886922e+02
  7.4520000000000000e+21
  0.0000000000000000e+00
  1.9495709168303165e+04
  4.8790000000000000e+19
  0.0000000000000000e+00
  9.2818738219336101e+03
  4.0600000000000000e+20
  0.0000000000000000e+00
  7.5427490765498997e+03
  3.1400000000000000e+21
  0.0000000000000000e+00
  1.1488488986432329e+04
  1.2430000000000001e+22
  0.0000000000000000e+00
  1.0096082108400868e+04
  8.7330000000000000e+20
  0.0000000000000000e+00
  5.4538871500198675e+03
  8.0280000000000000e+21
  0.0000000000000000e+00
  1.4273302742495252e+04
  4.0200000000000000e+18
  0.0000000000000000e+00
  1.3833489366492543e+03
  1.7810000000000000e+21
  0.0000000000000000e+00
  1.8915497700876251e+04
  4.4239999999999996e+22
  0.0000000000000000e+00
  1.0560049994756129e+04
  2.3079999999999998e+22
  0.0000000000000000e+00
  8.4711880682260980e+03
  1.9320000000000000e+21
  0.0000000000000000e+00
  5.4538871500198675e+03
  6.1670000000000003e+21
  0.0000000000000000e+00
  2.7853169750286006e+03
  3.4009999999999997e+21
  0.0000000000000000e+00
  8.5874316492977541e+03
  2.1219999999999999e+23
  0.0000000000000000e+00
  1.2068700453859246e+04
  4.3490000000000001e+26
  0.0000000000000000e+00
  5.4538871500198675e+03
  4.8724110000000000e+19
  6.4000000000000001e-01
  1.4464022730487273e+04
  2.0739360000000000e+17
  9.3700000000000006e-01
  1.4637633273646239e+04
  2.0000000000000000e+17
  0.0000000000000000e+00
  0.0000000000000000e+00
  1.0000000000000000e+17
  0.0000000000000000e+00
  0.0000000000000000e+00
  7.3086160000000000e+19
  6.4000000000000001e-01
  1.4464022730487273e+04
  6.7612730000000000e+13
  1.1810000000000000e+00
  1.1359664931218722e+04
  5.6910000000000000e+20
  0.0000000000000000e+00
  7.0787811901946379e+03
  3.2980000000000000e+21
  0.0000000000000000e+00
  0.0000000000000000e+00
  3.6280000000000000e+20
  0.0000000000000000e+00
  4.8736756825929533e+03
  3.6280000000000000e+20
  0.0000000000000000e+00
  4.8736756825929533e+03
  1.1744810000000000e+14
  1.2150000000000001e+00
  7.9196600818428387e+03
  4.2242680000000000e+14
  1.3810000000000000e+00
  1.7778726057409294e+04
  1.4049999999999999e+24
 -1.0100000000000001e-01
  1.1149319403565250e+04
  2.8099999999999999e+24
 -1.0100000000000001e-01
  1.1149319403565250e+04
  1.8140000000000000e+20
  0.0000000000000000e+00
  4.8736756825929533e+03
  1.8140000000000000e+20
  0.0000000000000000e+00
  7.8909766007991830e+03
  1.1744810000000000e+14
  1.2150000000000001e+00
  8.6548629906986280e+03
  4.2242680000000000e+14
  1.3810000000000000e+00
  1.7778726057409294e+04
  3.2609999999999997e+21
  0.0000000000000000e+00
  3.4812688045614918e+03
  1.1744810000000000e+14
  1.2150000000000001e+00
  7.9196600818428387e+03
  4.2242680000000000e+14
  1.3810000000000000e+00
  1.7778726057409294e+04
  1.3522550000000000e+14
  1.1810000000000000e+00
  1.1359664931218722e+04
  3.3980000000000000e+21
  0.0000000000000000e+00
  0.0000000000000000e+00
  1.0000000000000000e+17
  0.0000000000000000e+00
  0.0000000000000000e+00
  1.0000000000000000e+17
  0.0000000000000000e+00
  0.0000000000000000e+00
  2.0000000000000000e+17
  0.0000000000000000e+00
  0.0000000000000000e+00
  1.1744810000000000e+14
  1.2150000000000001e+00
  8.6548629906986280e+03
  4.2242680000000000e+14
  1.3810000000000000e+00
  1.7778726057409294e+04
  6.7612730000000000e+13
  1.1810000000000000e+00
  1.1359664931218722e+04
  6.7612730000000000e+13
  1.1810000000000000e+00
  1.8920529890533031e+04
  1.0000000000000000e+17
  0.0000000000000000e+00
  0.0000000000000000e+00
  3.6280000000000000e+20
  0.0000000000000000e+00
  4.8736756825929533e+03
  3.6280000000000000e+20
  0.0000000000000000e+00
  4.8736756825929533e+03
  7.4749999999999996e+22
  0.0000000000000000e+00
  6.9625376091229837e+03
  1.0369680000000000e+17
  9.3700000000000006e-01
  1.4637633273646239e+04
  1.0369680000000000e+17
  9.3700000000000006e-01
  1.4637633273646239e+04
  2.0739360000000000e+17
  9.3700000000000006e-01
  1.4637633273646239e+04
  3.3980000000000000e+21
  0.0000000000000000e+00
  0.0000000000000000e+00
  1.8140000000000000e+20
  0.0000000000000000e+00
  4.8736756825929533e+03
  1.8140000000000000e+20
  0.0000000000000000e+00
  7.2262243471383381e+03
  6.5720000000000000e+20
  0.0000000000000000e+00
  4.4097077962376916e+03
  6.7612730000000000e+13
  1.1810000000000000e+00
  1.1359664931218722e+04
  6.7612730000000000e+13
  1.1810000000000000e+00
  1.1359664931218722e+04
  6.7612730000000000e+13
  1.1810000000000000e+00
  1.1359664931218722e+04
  6.7612730000000000e+13
  1.1810000000000000e+00
  1.1359664931218722e+04
  1.3522550000000000e+14
  1.1810000000000000e+00
  1.1359664931218722e+04
  1.3522550000000000e+14
  1.1810000000000000e+00
  1.1359664931218722e+04
  6.7612730000000000e+13
  1.1810000000000000e+00
  1.1359664931218722e+04
  6.7612730000000000e+13
  1.1810000000000000e+00
  1.1359664931218722e+04
  1.0369680000000000e+17
  9.3700000000000006e-01
  1.4637633273646239e+04
  1.0369680000000000e+17
  9.3700000000000006e-01
  1.4637633273646239e+04
  2.0000000000000000e+17
  0.0000000000000000e+00
  0.0000000000000000e+00
  2.0000000000000000e+17
  0.0000000000000000e+00
  0.0000000000000000e+00
  6.7612730000000000e+13
  1.1810000000000000e+00
  1.1359664931218722e+04
  3.3806370000000000e+13
  1.1810000000000000e+00
  1.1359664931218722e+04
  6.7612730000000000e+13
  1.1810000000000000e+00
  1.1359664931218722e+04
  2.0000000000000000e+17
  0.0000000000000000e+00
  0.0000000000000000e+00
  6.7612730000000000e+13
  1.1810000000000000e+00
  1.1359664931218722e+04
  6.7612730000000000e+13
  1.1810000000000000e+00
  1.1359664931218722e+04
  1.0000000000000000e+17
  0.0000000000000000e+00
  0.0000000000000000e+00
  3.3806370000000000e+13
  1.1810000000000000e+00
  1.1359664931218722e+04
  3.3806370000000000e+13
  1.1810000000000000e+00
  1.1359664931218722e+04
  1.0000000000000000e+17
  0.0000000000000000e+00
  0.0000000000000000e+00
  3.3806370000000000e+13
  1.1810000000000000e+00
  1.1359664931218722e+04
  3.3806370000000000e+13
  1.1810000000000000e+00
  1.1487482548500973e+04
  1.0000000000000000e+17
  0.0000000000000000e+00
  0.0000000000000000e+00
  6.7612730000000000e+13
  1.1810000000000000e+00
  1.1359664931218722e+04
  3.3806370000000000e+13
  1.1810000000000000e+00
  1.1359664931218722e+04
  3.3806370000000000e+13
  1.1810000000000000e+00
  1.6480924344925326e+04
  3.3806370000000000e+13
  1.1810000000000000e+00
  1.1359664931218722e+04
  1.0000000000000001e-01
  0.0000000000000000e+00
  0.0000000000000000e+00
  4.8724110000000000e+19
  6.4000000000000001e-01
  1.4464022730487273e+04
  2.0000000000000000e+17
  0.0000000000000000e+00
  0.0000000000000000e+00
  2.0739360000000000e+17
  9.3700000000000006e-01
  1.4637633273646239e+04
  1.3522550000000000e+14
  1.1810000000000000e+00
  1.1359664931218722e+04
  1.3522550000000000e+14
  1.1810000000000000e+00
  1.1359664931218722e+04
  2.0000000000000000e+17
  0.0000000000000000e+00
  0.0000000000000000e+00
  2.0000000000000000e+17
  0.0000000000000000e+00
  0.0000000000000000e+00
  2.0000000000000000e+17
  0.0000000000000000e+00
  0.0000000000000000e+00
  6.7612730000000000e+13
  1.1810000000000000e+00
  1.1359664931218722e+04
  6.7612730000000000e+13
  1.1810000000000000e+00
  1.1359664931218722e+04
  2.0000000000000000e+17
  0.0000000000000000e+00
  0.0000000000000000e+00
  4.2700000000000000e+19
  5.4900000000000004e-01
  7.4984658075702209e+03
  4.2700000000000000e+19
  5.4900000000000004e-01
  7.0938777591649823e+03
  3.7100000000000000e+21
  0.0000000000000000e+00
  0.0000000000000000e+00
  4.4000000000000000e+22
  1.0100000000000001e-01
  5.0996209981824459e+03
  2.0739360000000000e+17
  9.3700000000000006e-01
  1.4637633273646239e+04
  1.2046239999999999e+22
  5.0999999999999997e-02
  2.5498104990912229e+03
  3.6280000000000000e+20
  0.0000000000000000e+00
  4.8736756825929533e+03
  3.6280000000000000e+20
  0.0000000000000000e+00
  4.8736756825929533e+03
  1.0369680000000000e+17
  9.3700000000000006e-01
  1.4637633273646239e+04
  1.0369680000000000e+17
  9.3700000000000006e-01
  1.4637633273646239e+04
  2.0739360000000000e+17
  9.3700000000000006e-01
  1.4637633273646239e+04
  1.8140000000000000e+20
  0.0000000000000000e+00
  4.8736756825929533e+03
  1.8140000000000000e+20
  0.0000000000000000e+00
  7.8683317473436664e+03
  1.0369680000000000e+17
  9.3700000000000006e-01
  1.4637633273646239e+04
  2.0739360000000000e+17
  9.3700000000000006e-01
  1.4637633273646239e+04
0
0
0
0
0
0
0
0
0
0
0
0
0
0
0
0
0
0
0
0
0
0
0
0
0
0
0
0
0
0
0
0
0
0
0
0
0
0
0
0
0
0
0
0
0
0
0
0
1
1
0
0
0
0
1
1
0
1
1
0
0
0
0
0
1
1
0
0
0
0
0
0
1
1
0
0
0
0
0
0
1
1
0
0
0
0
0
1
1
0
0
0
1
1
0
1
1
0
0
0
0
0
0
0
1
1
0
0
0
0
0
0
0
0
0
0
0
0
0
0
0
0
0
0
0
0
0
0
0
0
0
0
0
0
0
1
1
0
1
1
1
0
1
1
1
1
1
1
1
1
1
1
1
1
1
1
1
0
0
0
0
0
0
0
0
0
0
0
0
0
0
0
0
0
0
0
0
0
0
0
0
0
0
0
0
0
0
0
0
0
0
0
0
0
0
0
0
0
0
0
0
0
0
0
0
0
0
0
0
0
0
0
0
0
0
0
0
0
0
0
0
0
0
0
0
0
0
0
0
0
0
0
0
0
0
0
0
0
0
0
0
0
0
1
0
0
0
0
0
0
0
0
0
0
0
0
0
0
0
0
0
0
0
0
0
0
0
0
0
0
0
0
0
0
0
0
0
0
0
0
0
0
0
0
0
0
0
0
0
0
0
0
0
0
0
0
0
0
0
0
0
0
0
0
0
0
0
0
0
0
0
0
0
0
0
0
0
0
0
0
0
0
0
0
0
0
0
0
0
0
0
0
0
0
0
0
0
0
0
0
0
0
0
0
0
0
0
0
0
0
0
0
0
0
0
0
0
0
0
0
0
0
0
0
0
0
0
0
0
0
0
0
0
0
0
0
0
0
0
0
0
0
0
0
0
0
0
0
0
0
0
0
0
0
0
0
0
0
0
0
0
0
0
0
0
